% Reaction Rate (i_o) NMC
function i_o_NMC = i_oNMC(X_Li, C_Liion, SIM)
RR  = 8314.472;
T   = 303.15;
T_o = 303.15;
% FF = 96485338.3;
i_o_NMC = (...
   16.50452829641290*X_Li.^5 ...
-  75.23567141488800*X_Li.^4 ...
+  124.0524690073040*X_Li.^3 ...
-  94.16571081287610*X_Li.^2 ...
+  32.49768821737960*X_Li    ...
-  3.585290065824760)...
.* (C_Liion./SIM.C_Liion_init).^0.5 ... % Dividing by 1.2 because the initial concentration is 1.2M (Changed to 1200 to convert between mol and kmol)
*exp(-30E6 * (1/T - 1/T_o) / RR )*10.0;
end